FrontGPS_LLA = [40.86544493	-77.83063338	337.904
		
40.86544494	-77.8306334	337.904
		
40.86544495	-77.83063335	337.904
		
40.86544494	-77.83063336	337.907
		
40.86544495	-77.83063334	337.909
		
40.86544496	-77.83063331	337.908
		
40.86544497	-77.83063331	337.91
		
40.86544497	-77.83063331	337.913
		
40.86544497	-77.83063329	337.911
		
40.86544497	-77.83063326	337.914
		
40.86544498	-77.83063325	337.915
		
40.865445	-77.83063326	337.915
		
40.86544506	-77.83063329	337.915
		
40.8654452	-77.83063339	337.917
		
40.86544539	-77.83063356	337.919
		
40.86544332	-77.83063456	337.046
		
40.86544298	-77.83063497	336.98
		
40.86544307	-77.83063546	336.955
		
40.86544336	-77.830636	336.942
		
40.86544195	-77.83063988	336.975
		
40.86544259	-77.83064049	336.972
		
40.86544331	-77.83064114	336.975
		
40.86544409	-77.83064191	336.975
		
40.86544493	-77.83064272	336.978
		
40.86544588	-77.83064356	336.976
		
40.86544688	-77.83064448	336.975
		
40.86544797	-77.83064548	336.976
		
40.86544913	-77.83064651	336.976
		
40.86545034	-77.83064765	336.977
		
40.86545164	-77.83064884	336.975
		
40.86545303	-77.83065012	336.977
		
40.86545451	-77.83065147	336.974
		
40.86545607	-77.83065289	336.974
		
40.86545771	-77.83065439	336.974
		
40.86545945	-77.83065599	336.977
		
40.86546128	-77.83065766	336.978
		
40.86546318	-77.83065939	336.977
		
40.86546515	-77.83066123	336.977
		
40.86546724	-77.8306631	336.977
		
40.86546937	-77.83066506	336.976
		
40.86547159	-77.8306671	336.976
		
40.86547385	-77.83066922	336.982
		
40.86547623	-77.83067138	336.984
		
40.86547865	-77.83067358	336.986
		
40.86548112	-77.83067585	336.99
		
40.86548367	-77.83067815	336.988
		
40.86548627	-77.83068053	336.988
		
40.86548884	-77.83068294	336.99
		
40.86549143	-77.83068534	336.991
		
40.865494	-77.83068777	336.993
		
40.86549659	-77.8306902	336.993
		
40.86549919	-77.83069268	337.002
		
40.86550182	-77.83069519	337.005
		
40.86550445	-77.8306977	337.012
		
40.86550709	-77.83070024	337.014
		
40.86550978	-77.8307028	337.015
		
40.86551245	-77.83070538	337.02
		
40.86551508	-77.83070791	337.023
		
40.86551766	-77.83071052	337.025
		
40.86552027	-77.8307131	337.027
		
40.86552283	-77.83071569	337.034
		
40.86552536	-77.83071824	337.041
		
40.86552791	-77.83072077	337.044
		
40.86553041	-77.8307233	337.05
		
40.86553288	-77.83072583	337.054
		
40.86553537	-77.83072837	337.056
		
40.86553788	-77.83073093	337.063
		
40.86554041	-77.8307335	337.068
		
40.86554295	-77.83073613	337.071
		
40.86554551	-77.83073879	337.075
		
40.86554813	-77.83074149	337.081
		
40.86555077	-77.83074428	337.082
		
40.86555342	-77.83074703	337.084
		
40.86555609	-77.83074988	337.089
		
40.86555879	-77.83075277	337.096
		
40.86556151	-77.83075567	337.102
		
40.86556426	-77.83075866	337.109
		
40.86556702	-77.83076169	337.114
		
40.86556982	-77.83076474	337.119
		
40.86557264	-77.83076788	337.124
		
40.86557547	-77.83077106	337.13
		
40.86557834	-77.83077429	337.138
		
40.86558122	-77.83077757	337.143
		
40.86558411	-77.83078092	337.148
		
40.86558702	-77.83078428	337.154
		
40.86558996	-77.83078773	337.158
		
40.86559289	-77.83079123	337.165
		
40.86559585	-77.83079478	337.171
		
40.86559881	-77.83079837	337.177
		
40.86560181	-77.83080202	337.179
		
40.86560481	-77.83080576	337.182
		
40.86560785	-77.83080953	337.187
		
40.86561087	-77.83081337	337.192
		
40.86561391	-77.83081724	337.197
		
40.86561699	-77.83082118	337.203
		
40.86562007	-77.83082515	337.207
		
40.86562316	-77.83082919	337.21
		
40.86562624	-77.8308333	337.215
		
40.86562935	-77.83083746	337.219
		
40.86563247	-77.83084168	337.223
		
40.86563563	-77.83084594	337.226
		
40.86563873	-77.8308503	337.228
		
40.86564187	-77.8308547	337.236
		
40.86564503	-77.83085914	337.242
		
40.86564817	-77.83086367	337.245
		
40.86565131	-77.83086826	337.25
		
40.86565449	-77.83087288	337.254
		
40.86565766	-77.8308776	337.258
		
40.86566081	-77.83088237	337.264
		
40.86566397	-77.8308872	337.269
		
40.86566715	-77.8308921	337.274
		
40.86567026	-77.83089708	337.281
		
40.86567341	-77.8309021	337.287
		
40.86567656	-77.83090716	337.291
		
40.86567971	-77.83091226	337.299
		
40.86568284	-77.83091744	337.303
		
40.86568593	-77.83092264	337.309
		
40.86568901	-77.83092789	337.309
		
40.8656921	-77.83093319	337.315
		
40.86569516	-77.83093856	337.32
		
40.86569823	-77.83094399	337.327
		
40.8657013	-77.83094948	337.33
		
40.86570434	-77.83095502	337.337
		
40.86570736	-77.83096065	337.342
		
40.86571038	-77.83096629	337.35
		
40.86571338	-77.83097197	337.356
		
40.86571637	-77.83097771	337.359
		
40.86571934	-77.83098349	337.364
		
40.86572227	-77.83098934	337.372
		
40.86572519	-77.83099523	337.378
		
40.8657281	-77.83100115	337.384
		
40.86573099	-77.83100715	337.392
		
40.86573385	-77.8310132	337.398
		
40.86573668	-77.83101925	337.401
		
40.86573952	-77.83102537	337.408
		
40.86574234	-77.83103152	337.414
		
40.86574514	-77.83103769	337.421
		
40.86574792	-77.83104396	337.426
		
40.86575069	-77.83105024	337.431
		
40.86575341	-77.83105661	337.437
		
40.86575614	-77.83106297	337.444
		
40.86575882	-77.83106941	337.449
		
40.86576149	-77.8310759	337.458
		
40.86576415	-77.83108239	337.463
		
40.86576677	-77.83108897	337.472
		
40.86576939	-77.83109559	337.477
		
40.865772	-77.83110224	337.483
		
40.86577458	-77.83110894	337.489
		
40.86577713	-77.83111569	337.495
		
40.86577966	-77.83112246	337.499
		
40.86578217	-77.83112927	337.504
		
40.86578463	-77.83113618	337.513
		
40.86578708	-77.8311431	337.521
		
40.86578956	-77.83115003	337.528
		
40.86579195	-77.83115702	337.534
		
40.86579436	-77.83116406	337.542
		
40.8657967	-77.83117116	337.547
		
40.86579902	-77.83117829	337.556
		
40.86580132	-77.83118544	337.563
		
40.86580356	-77.83119269	337.569
		
40.86580578	-77.83119994	337.579
		
40.86580796	-77.83120729	337.587
		
40.86581009	-77.83121466	337.593
		
40.86581221	-77.83122205	337.603
		
40.8658143	-77.83122952	337.612
		
40.86581634	-77.831237	337.617
		
40.86581835	-77.83124455	337.625
		
40.8658203	-77.83125215	337.632
		
40.86582223	-77.83125979	337.641
		
40.86582411	-77.83126746	337.645
		
40.86582599	-77.83127518	337.654
		
40.86582783	-77.83128293	337.66
		
40.8658296	-77.83129073	337.67
		
40.86583135	-77.83129856	337.676
		
40.86583305	-77.83130642	337.682
		
40.86583475	-77.83131433	337.693
		
40.86583639	-77.83132228	337.698
		
40.86583799	-77.83133026	337.707
		
40.86583956	-77.83133827	337.716
		
40.86584108	-77.83134634	337.723
		
40.86584258	-77.83135442	337.731
		
40.865844	-77.8313626	337.738
		
40.86584541	-77.83137078	337.744
		
40.86584676	-77.831379	337.749
		
40.86584809	-77.83138725	337.757
		
40.86584937	-77.83139552	337.764
		
40.86585059	-77.83140383	337.772
		
40.86585178	-77.83141217	337.777
		
40.86585293	-77.83142055	337.785
		
40.865854	-77.83142898	337.792
		
40.86585508	-77.83143742	337.801
		
40.8658561	-77.83144593	337.808
		
40.86585708	-77.83145445	337.815
		
40.86585803	-77.83146299	337.822
		
40.86585891	-77.83147157	337.831
		
40.86585977	-77.83148019	337.839
		
40.86586058	-77.8314888	337.847
		
40.86586134	-77.83149748	337.857
		
40.86586207	-77.83150617	337.865


		
    ];

